{
    "imgurl": "",
    "imgw": 2.983971328437751,
    "imgleft": -1.4873205904167783,
    "imgtop": -1.0519856642188752,
    "imgangle": 0,
    "svgwidth": 500,
    "svgheight": 500,
    "unit": 100,
    "x0": 684,
    "y0": 399,
    "x0rel": 0,
    "y0rel": 0,
    "glyph": "0330,0335,0336,0331,0337,0350,0362,0203,0335,0203,0335,0203,0335,0203,0335,0203,0335,0203,0335,0203,0335,0203,0354,0341,0335,0330,0341,0335,0330,0341,0335,0330,0341,0335,0330,0341,0335,0330,0341,0335,0330,0341,0335,0330,0341,",
    "table": []
}