{
    "imgurl": "",
    "imgw": 2.983971328437751,
    "imgleft": -1.4873205904167783,
    "imgtop": -1.0519856642188752,
    "imgangle": 0,
    "svgwidth": 500,
    "svgheight": 350,
    "unit": 100,
    "x0": 802.5,
    "y0": 589,
    "x0rel": 50,
    "y0rel": 150,
    "glyph": "0336,0336,0336,0330,0330,0337,0337,0337,0211,0211,0337,0200,0311,0336,0335,0200,0334,0333,0337,0201,0334,0336,0201,0335,0337,0331,0336,0333,0330,0336,0200,0332,0330,0336,0331,0200,0336,0331,0337,0332,0336,0333,0200,0336,0333,0200,0332,0337,0332,0337,0337,0337,0331,0337,0350,0334,0333,0334,0334,0343,0334,0336,0336,0330,0334,0337,0343,0334,0336,0336,0330,0334,0337,0343,0334,0336,0336,0330,0334,0337,0343,0334,0336,0336,0330,0334,0337,0343,0334,0336,0336,0330,0334,0337,0343,",
    "table": []
}