{
    "imgurl": "",
    "imgw": 2,
    "imgleft": -1,
    "imgtop": -1,
    "imgangle": 0,
    "svgwidth": 500,
    "svgheight": 500,
    "unit": 100.00000000000001,
    "x0": 873,
    "y0": 612.0670793520086,
    "x0rel": 189,
    "y0rel": 213.0670793520086,
    "glyph": "0337,0337,0337,0210,0210,0210,0210,0210,0224,",
    "table": []
}