{
    "imgurl": "",
    "imgw": 2,
    "imgleft": -3,
    "imgtop": -2,
    "imgangle": 0,
    "svgwidth": 400,
    "svgheight": 600,
    "unit": 82.64462809917356,
    "x0": 676.2418561171551,
    "y0": 429.88302674557343,
    "x0rel": -7.758143882844934,
    "y0rel": 30.88302674557343,
    "glyph": "0337,0331,0321,0220,0221,0222,",
    "table": []
}