{
    "imgurl": "",
    "imgw": 2,
    "imgleft": -3,
    "imgtop": -2,
    "imgangle": 0,
    "svgwidth": 200,
    "svgheight": 400,
    "unit": 121.00000000000004,
    "x0": 622.6413015411266,
    "y0": 444.215839458194,
    "x0rel": -61.35869845887339,
    "y0rel": 45.21583945819401,
    "glyph": "0331,0336,0336,0321,0362,0245,0245,0245,0245,0245,0245,0245,0245,0245,0245,0245,0245,0245,0245,0364,0335,0335,0332,0332,0332,0330,0330,0330,0336,0330,0331,0331,0332,0337,0362,0245,0245,0245,0245,0245,0245,0245,0245,0364,0335,0335,0332,0332,0336,0336,0332,0331,0331,0331,0333,0337,0337,0337,0337,0337,0336,0337,0342,0336,0336,0336,0336,0333,0337,0337,0337,0337,0342,",
    "table": []
}