{
    "imgurl": "",
    "imgw": 2,
    "imgleft": -3,
    "imgtop": -2,
    "imgangle": 0,
    "svgwidth": 200,
    "svgheight": 400,
    "unit": 121.00000000000004,
    "x0": 622.6413015411266,
    "y0": 444.215839458194,
    "x0rel": -61.35869845887339,
    "y0rel": 45.21583945819401,
    "glyph": "0336,0336,0336,0331,0337,0337,0337,0331,0321,0337,0337,0210,0210,0221,",
    "table": []
}