{
    "imgurl": "",
    "imgw": 2,
    "imgleft": -1,
    "imgtop": -1,
    "imgangle": 0,
    "svgwidth": 600,
    "svgheight": 600,
    "unit": 75.13148009015778,
    "x0": 319,
    "y0": 212.91386832123067,
    "x0rel": 0,
    "y0rel": 26.913868321230666,
    "glyph": "0330,0332,0321,0230,0236,",
    "table": []
}