{
    "imgurl": "",
    "imgw": 2,
    "imgleft": -1,
    "imgtop": -1,
    "imgangle": 0,
    "svgwidth": 600,
    "svgheight": 400,
    "unit": 110.00000000000003,
    "x0": 610.7950000000001,
    "y0": 438.4045946091137,
    "x0rel": -73.20499999999993,
    "y0rel": 39.4045946091137,
    "glyph": "0336,0330,0332,0332,0332,0337,0210,0210,0220,0221,0222,0223,0224,0225,",
    "table": []
}