{
    "imgurl": "",
    "imgw": 2,
    "imgleft": -1,
    "imgtop": -1,
    "imgangle": 0,
    "svgwidth": 600,
    "svgheight": 400,
    "unit": 110.00000000000003,
    "x0": 679.2950000000001,
    "y0": 478.4045946091137,
    "x0rel": -73.20499999999993,
    "y0rel": 39.4045946091137,
    "glyph": "0332,0332,0330,0321,0220,0223,0230,0236,0331,0236,0332,",
    "table": []
}