{
    "imgurl": "",
    "imgw": 2,
    "imgleft": -1,
    "imgtop": -1,
    "imgangle": 0,
    "svgwidth": 400,
    "svgheight": 200,
    "unit": 75.13148009015778,
    "x0": 634,
    "y0": 425.91386832123067,
    "x0rel": -50,
    "y0rel": 26.913868321230666,
    "glyph": "0336,0336,0336,0336,0331,0332,0332,0332,0332,0331,0331,0332,0332,0337,0337,0337,0330,0332,0321,0320,0230,0223,0220,0236,",
    "table": []
}