{
    "imgurl": "",
    "imgw": 2,
    "imgleft": -1,
    "imgtop": -1,
    "imgangle": 0,
    "svgwidth": 300,
    "svgheight": 200,
    "unit": 75.13148009015778,
    "x0": 684,
    "y0": 425.91386832123067,
    "x0rel": 0,
    "y0rel": 26.913868321230666,
    "glyph": "0336,0336,0336,0331,0332,0332,0332,0332,0331,0331,0332,0332,0337,0337,0337,0330,0332,0321,0230,0236,",
    "table": []
}