{
    "imgurl": "",
    "imgw": 2,
    "imgleft": -3,
    "imgtop": -2,
    "imgangle": 0,
    "svgwidth": 250,
    "svgheight": 250,
    "unit": 183.79891945428886,
    "x0": 587.2223728453391,
    "y0": 497.7047073230865,
    "x0rel": -96.77762715466088,
    "y0rel": 98.7047073230865,
    "glyph": "0336,0336,0330,0332,0332,0330,0330,0332,0332,0332,0331,0332,01304,01335,01305,01311,01362,01203,01334,01350,01334,01337,01203,01334,01334,01334,01334,01203,01354,0336,0330,0333,0336,0341,",
    "table": []
}