{
    "imgurl": "",
    "imgw": 2,
    "imgleft": -1,
    "imgtop": -1,
    "imgangle": 0,
    "svgwidth": 500,
    "svgheight": 500,
    "unit": 100.00000000000001,
    "x0": 665.5,
    "y0": 357.5670793520086,
    "x0rel": 50,
    "y0rel": -1.4329206479914092,
    "glyph": "0336,0336,0336,0332,0331,0337,0337,0337,0211,0211,0211,0336,0226,0300,0321,0330,0333,0331,0331,0331,0332,0332,0332,0332,0336,0333,0333,0337,0335,0336,0306,0362,0203,0334,0334,0203,0334,0334,0203,0364,0300,0321,0331,0331,0333,0335,0336,0331,0336,0336,0336,0330,0337,0337,0332,0332,0337,0362,0203,0306,0335,0335,0203,0335,0335,0203,0364,0300,0321,0333,0336,0334,0306,0362,0203,0335,0335,0203,0335,0335,0203,0364,0336,0331,0335,0335,0331,0314,0337,0342,0300,0321,0332,0332,0336,0335,0332,0336,0336,0333,0331,0331,0331,0337,0337,0362,0203,0306,0335,0335,0203,0335,0335,0203,0364,0336,0331,0335,0335,0331,0314,0337,0342,0300,0321,0330,0336,0336,0330,0332,0330,0332,0341,0340,",
    "table": []
}