{
    "imgurl": "",
    "imgw": 2,
    "imgleft": -1,
    "imgtop": -1,
    "imgangle": 0,
    "svgwidth": 600,
    "svgheight": 600,
    "unit": 75.13148009015778,
    "x0": 684,
    "y0": 425.91386832123067,
    "x0rel": 0,
    "y0rel": 26.913868321230666,
    "glyph": "0223,0336,0333,0330,0336,0331,0337,0222,0336,0336,0330,0333,0337,0222,0336,0336,0330,0333,0337,0222,",
    "table": []
}