{
    "imgurl": "",
    "imgw": 4,
    "imgleft": -2,
    "imgtop": -2,
    "imgangle": 0,
    "svgwidth": 500,
    "svgheight": 500,
    "unit": 100.00000000000001,
    "x0": 684,
    "y0": 365.0670793520086,
    "x0rel": 0,
    "y0rel": -33.93292064799141,
    "glyph": "0337,0332,0337,0335,0305,0362,0203,0335,0335,0203,0335,0335,0203,0335,0335,0203,0335,0335,0203,0354,",
    "table": []
}