{
    "imgurl": "",
    "imgw": 2,
    "imgleft": -1,
    "imgtop": -1,
    "imgangle": 0,
    "svgwidth": 300,
    "svgheight": 300,
    "unit": 90.90909090909092,
    "x0": 680.120275236712,
    "y0": 461.15694594443886,
    "x0rel": -3.8797247632879817,
    "y0rel": 62.15694594443886,
    "glyph": "0334,0362,0360,0333,0333,0334,0361,0360,0335,0335,0335,0333,0333,0361,0363,",
    "table": []
}