{
    "imgurl": "",
    "imgw": 2.983971328437751,
    "imgleft": -1.4873205904167783,
    "imgtop": -1.0519856642188752,
    "imgangle": 0,
    "svgwidth": 500,
    "svgheight": 500,
    "unit": 161.0510000000001,
    "x0": 684,
    "y0": 399,
    "x0rel": 0,
    "y0rel": 0,
    "glyph": "0326,0347,0320,0331,0336,0330,0337,0336,0330,0341,0336,0336,0336,0347,0337,0337,0337,0330,0336,0336,0336,0336,0347,0337,0337,0337,0337,0331,0333,0333,0333,",
    "table": []
}