{
    "imgurl": "",
    "imgw": 6,
    "imgleft": -3,
    "imgtop": -2,
    "imgangle": 0,
    "svgwidth": 800,
    "svgheight": 800,
    "unit": 90.90909090909092,
    "x0": 680.120275236712,
    "y0": 361.1569459444388,
    "x0rel": -3.8797247632879817,
    "y0rel": -37.8430540555612,
    "glyph": "0337,0327,0243,0335,0316,0336,0313,0337,0337,0243,0334,0316,0336,0313,0337,0337,0243,0335,0316,0336,0313,0337,0337,0243,0334,0316,0336,0313,0337,0337,0243,0335,0316,0336,0313,0337,0337,0243,0334,0316,0336,0313,0337,0337,0243,0335,0316,0336,0313,0337,0337,0243,0341,0334,0336,0340,0337,0337,0337,0337,",
    "table": []
}