{
    "imgurl": "",
    "imgw": 4,
    "imgleft": -2,
    "imgtop": -2,
    "imgangle": 0,
    "svgwidth": 400,
    "svgheight": 200,
    "unit": 100.00000000000001,
    "x0": 684,
    "y0": 397.5670793520086,
    "x0rel": 0,
    "y0rel": -1.4329206479914092,
    "glyph": "0330,0336,0332,0335,0336,0330,0330,0333,0333,0362,0203,0336,0203,0334,0331,0350,0335,0345,0335,0330,0335,0335,0203,0203,0203,0203,0203,0203,0335,0335,0203,0335,0335,0203,0203,0203,0203,0203,0203,0335,0334,0334,0334,0203,0203,0203,0335,0335,0203,0363,0331,0331,0331,0331,0331,0331,0331,0304,0335,0362,0203,0334,0203,0203,0203,0203,0203,0334,0203,0334,0203,0203,0203,0203,0203,0363,0335,0330,0330,0335,0362,0203,0203,0203,0203,0203,0203,0203,0334,0203,0334,0203,0203,0203,0203,0203,0203,0203,0334,0203,0363,0334,0332,0332,0332,0332,0362,0334,0203,0335,0203,0203,0203,0203,0203,0203,0334,0203,0203,0203,0335,0203,0335,0203,0203,0203,0334,0331,0350,0335,0345,0335,0330,0335,0335,0203,0203,0203,0203,0203,0203,0363,0335,0335,0335,0335,0304,0332,0332,0335,0330,0330,0334,0332,0332,0332,0362,0203,0203,0203,0203,0203,0334,0203,0334,0203,0203,0203,0203,0203,0334,0203,0363,0334,0333,0333,0333,0333,0333,0333,0333,0333,0333,0333,0333,0330,0333,0333,0330,0333,0330,0333,0330,0332,0333,0330,0330,0362,0203,0335,0203,0203,0334,0331,0350,0335,0345,0335,0330,0335,0335,0203,0203,0335,0335,0304,0203,0335,0203,0203,0334,0203,0203,0363,",
    "table": []
}