{
    "imgurl": "",
    "imgw": 2,
    "imgleft": -1,
    "imgtop": -1,
    "imgangle": 0,
    "svgwidth": 600,
    "svgheight": 600,
    "unit": 146.41000000000008,
    "x0": 684,
    "y0": 351.4475154247304,
    "x0rel": 0,
    "y0rel": -47.5524845752696,
    "glyph": "0332,0362,0333,0345,0336,0346,0332,0363,0331,0331,0331,0333,0330,0330,0330,0336,0336,0337,0331,0331,0331,0362,0360,0333,0333,0333,0333,0361,0335,0335,0203,0203,0335,0203,0203,0335,0203,0203,0336,0360,0332,0332,0361,0334,0203,0203,0363,",
    "table": []
}