{
    "imgurl": "",
    "imgw": 2,
    "imgleft": -1,
    "imgtop": -1,
    "imgangle": 0,
    "svgwidth": 600,
    "svgheight": 600,
    "unit": 133.10000000000005,
    "x0": 684,
    "y0": 355.77046856793675,
    "x0rel": 0,
    "y0rel": -43.229531432063254,
    "glyph": "0336,0336,0336,0336,0334,0362,0203,0337,0337,0337,0335,0203,0334,0350,0334,0336,0304,0203,0335,0336,0203,0335,0337,0203,0203,0335,0203,0203,0335,0336,0203,0335,0203,0203,0350,0334,0334,0334,0304,0203,0203,0203,0203,0335,0203,0334,0203,0203,0334,0203,0337,0203,0203,0334,0203,0203,0203,0203,0203,0334,0203,0203,0203,0203,0203,0334,0203,0203,0203,0203,0203,0334,0203,0203,0336,0203,0363,",
    "table": []
}