{
    "imgurl": "",
    "imgw": 2,
    "imgleft": -1,
    "imgtop": -1,
    "imgangle": 0,
    "svgwidth": 600,
    "svgheight": 600,
    "unit": 75.13148009015778,
    "x0": 680.7936158981091,
    "y0": 412.8036367685069,
    "x0rel": -3.206384101890876,
    "y0rel": 13.80363676850692,
    "glyph": "",
    "table": []
}