{
    "imgurl": "",
    "imgw": 2.983971328437751,
    "imgleft": -1.4873205904167783,
    "imgtop": -1.0519856642188752,
    "imgangle": 0,
    "svgwidth": 500,
    "svgheight": 500,
    "unit": 100,
    "x0": 752.5,
    "y0": 439,
    "x0rel": 0,
    "y0rel": 0,
    "glyph": "0333,0331,0337,0200,0336,0330,0332,0350,0335,0304,0331,0333,0337,0200,0350,0334,0310,0337,0342,0336,0333,0334,0334,0337,0342,0336,0336,0330,0335,0335,0335,0342,0335,0335,0342,0335,0335,0342,0335,0335,0342,0335,0330,0335,0335,0335,0350,0335,0312,0337,0214,0214,0214,0342,0335,0335,0342,0300,0310,0337,0331,0350,0350,0335,0337,0337,0214,0213,0213,0213,0213,0342,0334,0334,0342,0300,0333,0331,0334,0350,0350,0335,0337,0310,0337,0213,0213,0213,0342,0330,0335,0335,0335,0335,0335,0335,0342,0300,0330,0332,0335,0350,0350,0335,0337,0310,0337,0213,0213,0213,0342,0330,0335,0335,0335,0335,0335,0335,0342,0330,0335,0335,0335,0335,0336,0336,0213,0310,0337,0211,0211,0214,0213,0213,0213,0213,0201,0335,0335,0213,0201,0335,0335,0201,0335,0335,0201,0335,0335,0201,0335,0335,0201,0335,0335,0201,0335,0335,0201,",
    "table": []
}