{
    "imgurl": "",
    "imgw": 4,
    "imgleft": -2,
    "imgtop": -2,
    "imgangle": 0,
    "svgwidth": 500,
    "svgheight": 500,
    "unit": 100.00000000000001,
    "x0": 684,
    "y0": 415.0670793520086,
    "x0rel": 0,
    "y0rel": 16.06707935200859,
    "glyph": "",
    "table": []
}