{
    "imgurl": "",
    "imgw": 2,
    "imgleft": -1,
    "imgtop": -1,
    "imgangle": 0,
    "svgwidth": 600,
    "svgheight": 400,
    "unit": 161.0510000000001,
    "x0": 784,
    "y0": 396.6922669672034,
    "x0rel": 100,
    "y0rel": -2.307733032796591,
    "glyph": "0331,0337,0200,0336,0330,0333,0200,0336,0331,0200,0332,0336,0200,0330,0332,0336,0333,0200,",
    "table": []
}