{
    "imgurl": "",
    "imgw": 2,
    "imgleft": -1,
    "imgtop": -1,
    "imgangle": 0,
    "svgwidth": 350,
    "svgheight": 100,
    "unit": 110.00000000000003,
    "x0": 610.7950000000001,
    "y0": 438.4045946091137,
    "x0rel": -73.20499999999993,
    "y0rel": 39.4045946091137,
    "glyph": "0336,0332,0332,0332,0336,0332,0337,0336,0336,0330,0332,0336,0333,0337,0337,0337,0333,0333,01220,01223,01230,01236,01331,01236,",
    "table": []
}