{
    "imgurl": "",
    "imgw": 2,
    "imgleft": -1,
    "imgtop": -1,
    "imgangle": 0,
    "svgwidth": 300,
    "svgheight": 300,
    "unit": 100.00000000000001,
    "x0": 679.7323027603832,
    "y0": 467.37264053888276,
    "x0rel": -4.267697239616837,
    "y0rel": 68.37264053888276,
    "glyph": "0336,0336,0330,0337,0337,0336,0335,0333,0362,0332,0346,0332,0332,0335,0335,0345,0335,0335,0333,0337,0345,0333,0363,0332,0321,0336,0332,0340,0320,0333,0333,0340,0334,0330,0337,0341,0333,0333,0333,",
    "table": []
}