{
    "imgurl": "",
    "imgw": 2.983971328437751,
    "imgleft": -1.4873205904167783,
    "imgtop": -1.0519856642188752,
    "imgangle": 0,
    "svgwidth": 600,
    "svgheight": 600,
    "unit": 161.0510000000001,
    "x0": 684,
    "y0": 399,
    "x0rel": 0,
    "y0rel": 0,
    "glyph": "0336,0330,0332,0336,0331,0333,0337,0330,0330,0332,0332,0333,0336,0221,0333,0333,0333,0333,0333,0333,0222,0331,0331,0331,0331,0332,0332,0332,0332,0332,0332,0332,0332,0332,0227,0337,0333,0333,0333,0333,0333,0331,0332,0333,0234,0333,0333,0333,0333,0235,0331,0331,0331,0332,0332,0332,0332,0332,0332,0332,0337,0224,0333,0333,0333,0336,0333,0331,0333,0210,0210,0236,",
    "table": []
}