{
    "imgurl": "",
    "imgw": 2,
    "imgleft": -1,
    "imgtop": -1,
    "imgangle": 0,
    "svgwidth": 600,
    "svgheight": 600,
    "unit": 146.41000000000008,
    "x0": 684,
    "y0": 351.4475154247304,
    "x0rel": 0,
    "y0rel": -47.5524845752696,
    "glyph": "0336,0336,0336,0336,0333,0333,0333,0333,0331,0333,0331,0337,0337,0337,0337,0321,0331,0337,0220,0220,0220,0220,0220,0220,",
    "table": []
}