{
    "constants": {},
    "imgurl": "",
    "plotparams": {
        "G": 35.32795166918562,
        "g": 1,
        "duration": 545.4545454545454,
        "plotwidth": 400,
        "plotheight": 400,
        "x0": 102.6316236461413,
        "y0": 200
    },
    "funcparams": {
        "T": 23.579476910000015,
        "risetime": 23.579476910000015,
        "phi": 3.1415,
        "duration": 161.0510000000001,
        "X0": 0,
        "Y0": 0
    }
}