{
    "imgurl": "",
    "imgw": 2,
    "imgleft": -1,
    "imgtop": -1,
    "imgangle": 0,
    "svgwidth": 600,
    "svgheight": 600,
    "unit": 146.41000000000008,
    "x0": 752.5,
    "y0": 391.4475154247304,
    "x0rel": 0,
    "y0rel": -47.5524845752696,
    "glyph": "0336,0341,0337,",
    "table": []
}