{
    "constants": {},
    "imgurl": "",
    "plotparams": {
        "G": 100.79476910000027,
        "g": 1.0000000000000009,
        "duration": 545.4545454545454,
        "plotwidth": 400,
        "plotheight": 400,
        "x0": 0,
        "y0": 200
    },
    "funcparams": {
        "T": 25.65790591153533,
        "tau": 92.73804159861228,
        "phi": 3.14159,
        "X0": 0,
        "Y0": 0
    }
}