{
    "imgurl": "",
    "imgw": 2,
    "imgleft": -1,
    "imgtop": -1,
    "imgangle": 0,
    "svgwidth": 500,
    "svgheight": 500,
    "unit": 121.00000000000004,
    "x0": 596.3223140495868,
    "y0": 361.0227400204384,
    "x0rel": -19.177685950413206,
    "y0rel": 2.022740020438391,
    "glyph": "0336,0336,0336,0336,0336,0333,0333,0333,0333,0337,0337,0337,0337,0337,0211,0211,0211,0306,0350,0335,0335,0335,0335,0335,0335,0335,0335,0335,0335,0335,0335,0336,0330,0341,0331,0335,0330,0341,0331,0335,0330,0341,0331,0335,0330,0341,0331,0335,0330,0341,0331,0335,0330,0341,0331,0335,0330,0341,0331,0335,0330,0341,0331,0335,0330,0341,0331,0335,0330,0341,0331,0335,0330,0341,0331,0335,0330,0341,0331,0335,0337,0341,",
    "table": []
}