{
    "imgurl": "",
    "imgw": 2,
    "imgleft": -1,
    "imgtop": -1,
    "imgangle": 0,
    "svgwidth": 500,
    "svgheight": 500,
    "unit": 177.15610000000012,
    "x0": 556.8438999999998,
    "y0": 485.03954366392384,
    "x0rel": -127.15610000000015,
    "y0rel": 86.03954366392384,
    "glyph": "0336,0336,0336,0336,0336,0332,0332,0332,0332,0332,0337,0337,0337,0337,0337,0222,0335,0222,0335,0222,0335,0222,0335,0222,0335,0222,0335,0336,0333,0333,0222,0335,0222,0335,0222,0335,0222,0335,0222,0335,0222,0335,0333,0336,0341,0337,0337,0341,0336,0341,",
    "table": []
}