{
    "imgurl": "",
    "imgw": 2,
    "imgleft": -1,
    "imgtop": -1,
    "imgangle": 0,
    "svgwidth": 1000,
    "svgheight": 1000,
    "unit": 611.5909044841464,
    "x0": 443.8965122715408,
    "y0": 656.0318398904826,
    "x0rel": -171.60348772845919,
    "y0rel": 297.0318398904826,
    "glyph": "0336,0336,0332,0330,0330,0337,0337,0335,0224,",
    "table": []
}