{
    "imgurl": "",
    "imgw": 20,
    "imgleft": -4.5929999999999955,
    "imgtop": -4.6809999999999965,
    "imgangle": 0,
    "svgwidth": 500,
    "svgheight": 500,
    "unit": 90.90909090909092,
    "x0": 684,
    "y0": 400.5197145157313,
    "x0rel": 0,
    "y0rel": 1.519714515731323,
    "glyph": "0306,0341,0333,0341,0331,0341,0332,0331,0341,0332,0341,0330,0341,0333,0341,0331,0337,0341,",
    "table": []
}