{
    "imgurl": "",
    "imgw": 2,
    "imgleft": -1,
    "imgtop": -1,
    "imgangle": 0,
    "svgwidth": 500,
    "svgheight": 500,
    "unit": 90.90909090909092,
    "x0": 684,
    "y0": 400.5197145157313,
    "x0rel": 0,
    "y0rel": 1.519714515731323,
    "glyph": "0306,0333,0341,0334,0330,0341,0334,0330,0341,0334,0330,0341,0334,0330,0341,0334,0330,0341,",
    "table": []
}