{
    "imgurl": "",
    "imgw": 2,
    "imgleft": -1,
    "imgtop": -1,
    "imgangle": 0,
    "svgwidth": 600,
    "svgheight": 600,
    "unit": 100,
    "x0": 666.565740045079,
    "y0": 391.0395151082747,
    "x0rel": -17.434259954921004,
    "y0rel": -7.960484891725287,
    "glyph": "0331,0331,0220,0221,0220,",
    "table": []
}