{
    "imgurl": "",
    "imgw": 2,
    "imgleft": -1,
    "imgtop": -1,
    "imgangle": 0,
    "svgwidth": 600,
    "svgheight": 600,
    "unit": 100,
    "x0": 666.565740045079,
    "y0": 391.0395151082747,
    "x0rel": -17.434259954921004,
    "y0rel": -7.960484891725287,
    "glyph": "0332,0331,0331,0332,0336,0226,0226,0226,0336,0333,0343,0333,0333,0333,0333,0335,0335,0331,0331,0333,0332,0332,0332,0332,0337,0226,0226,0226,0226,0335,0335,0333,0333,0226,0226,0226,0226,0330,0336,0334,0337,0335,0331,0343,0333,0350,0334,0350,0334,0343,0335,0335,0335,0343,0335,0335,0335,0335,0351,0334,0350,0343,0335,0335,0343,0335,0343,0335,0343,0335,0343,0335,0335,0335,0335,",
    "table": []
}