{
    "imgurl": "",
    "imgw": 2,
    "imgleft": -1,
    "imgtop": -1,
    "imgangle": 0,
    "svgwidth": 600,
    "svgheight": 600,
    "unit": 100,
    "x0": 735.065740045079,
    "y0": 431.0395151082747,
    "x0rel": -17.434259954921004,
    "y0rel": -7.960484891725287,
    "glyph": "0331,0331,0210,0210,0210,0226,0226,0226,0332,0343,0335,0335,0333,0201,0201,0201,0201,0201,0201,0332,0343,0332,0332,0332,0343,0335,0335,0333,0201,0201,0201,0201,0201,0201,0332,0343,0333,0333,0333,0333,",
    "table": []
}