{
    "imgurl": "",
    "imgw": 2.983971328437751,
    "imgleft": -1.4873205904167783,
    "imgtop": -1.0519856642188752,
    "imgangle": 0,
    "svgwidth": 500,
    "svgheight": 500,
    "unit": 100,
    "x0": 752.5,
    "y0": 439,
    "x0rel": 0,
    "y0rel": 0,
    "glyph": "0336,0333,0333,0333,0337,0210,0210,0232,0335,0335,0335,0342,0335,0335,0330,0334,0201,0335,0201,0334,0201,0335,0201,0335,0304,0336,0336,0330,0332,0337,0337,0221,",
    "table": []
}