{
    "imgurl": "",
    "imgw": 4.809480018231663,
    "imgleft": -3.1768042421344775,
    "imgtop": -0.6768042421344779,
    "imgangle": -45,
    "svgwidth": 500,
    "svgheight": 500,
    "unit": 100,
    "x0": 684,
    "y0": 399,
    "x0rel": 0,
    "y0rel": 0,
    "glyph": "0336,0332,0332,0232,0233,0231,",
    "table": []
}