{
    "constants": {},
    "imgurl": "",
    "plotparams": {
        "G": 100,
        "g": 0.017985878990921366,
        "duration": 545.4545454545454,
        "plotwidth": 400,
        "plotheight": 400,
        "x0": 200,
        "y0": 200
    },
    "funcparams": {
        "theta": 90.00000000000001,
        "a": 0.6209213230591549,
        "b": 1.6528925619834702,
        "T": 1.4655609018152753,
        "X0": 0,
        "Y0": 0
    }
}