{
    "imgurl": "",
    "imgw": 2,
    "imgleft": -1,
    "imgtop": -1,
    "imgangle": 0,
    "svgwidth": 600,
    "svgheight": 200,
    "unit": 146.41000000000008,
    "x0": 684,
    "y0": 351.4475154247304,
    "x0rel": 0,
    "y0rel": -47.5524845752696,
    "glyph": "0211,0211,0211,0336,0332,0336,0331,0332,0337,0226,0230,0333,0333,0333,0226,0335,0335,0230,0335,0335,0231,0332,0332,0332,0335,0335,0231,",
    "table": []
}