{
    "constants": {},
    "imgurl": "",
    "plotparams": {
        "G": 0.36414099115134896,
        "g": 1.919434249577509,
        "duration": 545.4545454545454,
        "plotwidth": 400,
        "plotheight": 400,
        "x0": 200,
        "y0": 400
    },
    "funcparams": {
        "T": 276.80149049219943,
        "Tn": 340.03948586157844,
        "G": 1,
        "X0": 0,
        "Y0": 0
    }
}