{
    "imgurl": "",
    "imgw": 2.983971328437751,
    "imgleft": -1.4873205904167783,
    "imgtop": -1.0519856642188752,
    "imgangle": 0,
    "svgwidth": 500,
    "svgheight": 500,
    "unit": 100,
    "x0": 752.5,
    "y0": 439,
    "x0rel": 0,
    "y0rel": 0,
    "glyph": "0331,0331,0332,0332,0336,0330,0333,0337,0221,0230,0221,0334,0334,0334,0334,0230,0221,0335,0335,0335,0231,0306,0350,0335,0335,0335,0335,0335,0335,0335,0230,",
    "table": []
}