{
    "constants": {},
    "imgurl": "",
    "plotparams": {
        "G": 100.79476910000022,
        "g": 0.017985878990921366,
        "tstart": -200,
        "duration": 545.4545454545454,
        "plotwidth": 400,
        "plotheight": 400,
        "x0": 200,
        "y0": 200
    },
    "funcparams": {
        "theta": 90.00000000000001,
        "a": 0.564473930053777,
        "b": -0.466507380209733,
        "T": 1.4655609018152753,
        "X0": 0,
        "Y0": 0
    }
}