{
    "imgurl": "",
    "imgw": 2,
    "imgleft": -1,
    "imgtop": -1,
    "imgangle": 0,
    "svgwidth": 500,
    "svgheight": 500,
    "unit": 90.90909090909092,
    "x0": 611.620275236712,
    "y0": 321.1569459444388,
    "x0rel": -3.8797247632879817,
    "y0rel": -37.8430540555612,
    "glyph": "0330,0333,0333,0336,0333,01101,01102,01103,01104,01105,01106,01107,01110,01111,0331,0331,0333,0333,0333,0333,0333,0333,0333,0333,0333,01112,01113,01114,01115,01116,01117,01120,01121,01122,0331,0331,0333,0333,0333,0333,0333,0333,0333,0333,0333,01123,01124,01125,01126,",
    "table": []
}