{
    "imgurl": "",
    "imgw": 2,
    "imgleft": -1,
    "imgtop": -1,
    "imgangle": 0,
    "svgwidth": 500,
    "svgheight": 500,
    "unit": 90.90909090909092,
    "x0": 680.120275236712,
    "y0": 361.1569459444388,
    "x0rel": -3.8797247632879817,
    "y0rel": -37.8430540555612,
    "glyph": "",
    "table": []
}