{
    "imgurl": "",
    "imgw": 2,
    "imgleft": -1,
    "imgtop": -1,
    "imgangle": 0,
    "svgwidth": 400,
    "svgheight": 400,
    "unit": 100.00000000000001,
    "x0": 615.5,
    "y0": 357.5670793520086,
    "x0rel": 0,
    "y0rel": -1.4329206479914092,
    "glyph": "0331,0221,",
    "table": []
}