{
    "imgurl": "",
    "imgw": 5.875142362225413,
    "imgleft": -3.4633120303347846,
    "imgtop": -2.2979198145591777,
    "imgangle": 0,
    "svgwidth": 500,
    "svgheight": 500,
    "unit": 100,
    "x0": 684,
    "y0": 399,
    "x0rel": 0,
    "y0rel": 0,
    "glyph": "0331,0336,0336,0336,0330,0330,0333,0330,0337,0337,0337,0337,0335,0362,0203,0305,0335,0335,0203,0335,0335,0203,0335,0335,0203,0335,0335,0203,0354,0330,0335,0336,0333,0337,0335,0336,0362,0203,0334,0203,0334,0203,0334,0203,0334,0203,0354,0335,0330,0330,0335,0331,0350,0350,0335,0305,0366,0335,0367,0366,0335,0367,0366,0335,0367,0366,0335,0367,0366,0335,0367,0360,",
    "table": []
}