{
    "imgurl": "",
    "imgw": 2,
    "imgleft": -1,
    "imgtop": -1,
    "imgangle": 0,
    "svgwidth": 500,
    "svgheight": 500,
    "unit": 75.13148009015778,
    "x0": 680.7936158981091,
    "y0": 412.8036367685069,
    "x0rel": -3.206384101890876,
    "y0rel": 13.80363676850692,
    "glyph": "0331,0336,0336,0330,0332,0337,0337,0326,0334,0362,0203,0203,0306,0335,0335,0337,0203,0203,0335,0335,0203,0203,0335,0335,0203,0354,0335,0335,0336,0336,0332,0337,0366,0336,0330,0332,0330,0332,0330,0335,0335,0335,0337,0367,0336,0335,0335,0335,0350,0334,0304,0331,0331,0336,0331,0337,0332,0332,0333,0336,0341,0333,0333,0333,0332,0336,0333,0337,0333,0347,0331,0331,0331,0331,0331,0331,0331,0332,0332,0331,0320,0332,0332,0332,0332,0332,0332,0332,0331,0362,0203,0335,0337,0337,0203,0203,0203,0203,0336,0336,0203,0334,0203,0335,0350,0335,0310,0337,0203,0203,0335,0335,0203,0203,0335,0335,0335,0336,0203,0304,0334,0313,0337,0337,0203,0203,0203,0203,0336,0336,0203,0335,0203,0363,0330,0330,0332,0330,0336,0330,0335,0335,0333,0332,0332,0332,0332,0336,0330,0337,0337,0337,0320,0350,0335,0362,0203,0334,0334,0334,0203,0334,0203,0334,0334,0334,0203,0363,0335,0335,0335,0335,0330,0324,0362,0203,0335,0335,0335,0203,0335,0203,0335,0335,0335,0203,0363,0335,0320,0330,0335,0335,0335,0362,0203,0334,0334,0334,0203,0334,0203,0334,0334,0334,0203,0363,0331,0334,0334,0335,0324,0362,0203,0334,0334,0334,0203,0334,0203,0334,0334,0334,0203,0363,0320,0331,0335,0335,0335,0335,0362,0203,0335,0335,0335,0203,0335,0203,0335,0335,0335,0203,0363,0335,0330,0324,0335,0335,0335,0362,0203,0334,0334,0334,0203,0334,0203,0334,0334,0334,0203,0363,0331,0335,0335,0335,0320,0335,0362,0203,0335,0335,0335,0203,0335,0203,0335,0335,0335,0203,0363,0334,0331,0331,0331,0335,0334,0334,0362,0203,0335,0335,0335,0203,0335,0203,0335,0335,0335,0203,0363,0324,0362,0203,0335,0203,0335,0335,0335,0203,0335,0203,0363,0335,0335,0335,0320,0330,0362,0203,0335,0203,0335,0335,0335,0203,0335,0203,0363,0334,0331,0324,0334,0334,0334,0362,0203,0334,0203,0334,0334,0334,0203,0334,0203,0363,0331,0320,0334,0334,0334,0362,0203,0334,0203,0334,0334,0334,0203,0334,0203,0363,0331,0334,0334,0334,0324,0362,0203,0334,0203,0334,0334,0334,0203,0334,0203,0363,0320,0331,0334,0334,0334,0362,0203,0334,0203,0334,0334,0334,0203,0334,0203,0363,0334,0334,0334,0330,0330,0335,0330,0330,0336,0336,0304,0335,0337,0337,0337,0337,0306,0334,",
    "table": []
}